-3.011458562306023046e-01
1.831308272019848138e+00
1.402335810417939532e-01
1.366281129222127300e+00
2.406596950120369005e+00
-3.794207255897493525e+00
-2.012724724930700315e+00
-1.494901640233141205e+00
-1.713113153697010116e+00
2.656116231559972896e+00
1.100938687094886737e+00
1.697568551287241823e+00
3.137853784783282585e+00
-4.596645638910936249e+00
-2.420021665607578587e+00
-2.015777938498001021e+00
-4.721551855462503000e-01
1.896594945527642517e+00
5.673249858481366203e-01
7.632244446315225028e-01
-3.470273772590196093e-01
1.736949094144641936e+00
-3.051007795617291851e+00
2.696407623355326244e+00
-4.215390929384080110e+00
1.238322498667902671e+00
-3.243651310380161745e-01
-7.196855056716704446e-01
2.143074248434741147e+00
-7.151651050234634210e-01
2.486582697900469707e+00
-1.277658210759718527e+00
-2.760615226321776472e-01
-6.565830302846145106e-01
2.182213556217976080e+00
-5.729905215714328204e-01
1.346600138926061785e+00
-8.052386817226129256e-01
-7.682188463839613457e-02
-1.752057973333456253e+00
2.973769622696841974e+00
-2.065614482457220902e+00
3.593060151651426448e+00
-6.491116280824678064e-01
2.857825693303930326e-01
5.851546669579611448e-01
-2.722812566979850857e+00
2.084246447795560897e+00
-3.615068604438203881e+00
1.424778031004685586e+00
4.793635807618347178e-01
-4.926201866858678891e+00
2.120956073502399342e+00
1.769856895935525198e+00
4.883010909625961737e+00
-5.037069726967129846e+00
3.772013372145130439e-01
5.829577065122255597e+00
-3.462593766682747543e+00
-2.180163171741593242e+00
-4.206916947750986679e+00
3.489104769547651141e+00
